Mass_1
[470.83, 476.604, 482.956, 489.307, 495.082, 501.433, 507.785, 513.559, 519.911, 526.84, 532.614, 538.966, 544.74, 545.317, 542.43, 541.276, 543.008, 543.008, 541.276, 540.121, 537.234, 534.346, 529.727, 526.262, 522.22, 517.024, 510.672, 504.898, 499.701, 495.659, 489.307, 482.956, 477.182, 470.83, 463.901, 458.127, 452.352, 448.888, 447.156, 444.268, 440.804, 439.072, 439.072, 439.649, 440.804, 443.114, 445.423, 448.31, 451.198, 454.662, 456.972, 464.478];
[1498.71, 1492.93, 1489.47, 1484.27, 1482.54, 1482.54, 1482.54, 1483.69, 1485.43, 1487.74, 1489.47, 1492.93, 1498.71, 1505.06, 1510.83, 1516.61, 1522.96, 1529.31, 1535.08, 1541.44, 1547.79, 1554.14, 1560.49, 1566.84, 1572.62, 1578.97, 1584.74, 1589.94, 1596.29, 1602.64, 1606.68, 1608.99, 1609.57, 1609.57, 1609.57, 1606.68, 1602.06, 1595.71, 1589.36, 1583.01, 1576.66, 1570.31, 1563.96, 1558.18, 1551.25, 1544.9, 1539.13, 1533.35, 1527.0, 1520.65, 1514.87, 1505.64];

Mass_2
[365.161, 370.358, 376.133, 381.907, 388.258, 394.61, 402.117, 408.468, 414.82, 421.749, 427.523, 432.72, 440.226, 446.001, 452.93, 458.127, 463.901, 467.365, 476.027, 482.378, 488.153, 494.504, 500.856, 506.63, 512.982, 519.333, 525.108, 530.882, 536.656, 541.853, 547.05, 549.937, 552.246, 552.246, 552.824, 552.824, 552.824, 552.824, 552.246, 549.937, 548.205, 545.895, 543.008, 539.543, 534.924, 529.727, 524.53, 518.756, 511.827, 505.475, 497.969, 491.617, 485.843, 480.069, 473.14, 465.633, 459.281, 452.93, 446.001, 440.226, 433.875, 427.523, 421.749, 415.397, 409.623, 403.271, 397.497, 391.723, 385.371, 380.752, 374.978, 370.358, 365.739, 362.274, 359.387, 358.81, 357.078, 354.768, 353.036, 351.303, 351.303, 351.881, 354.19, 357.655, 361.12];
[1597.45, 1591.09, 1585.32, 1580.12, 1575.5, 1571.46, 1566.84, 1562.8, 1559.34, 1557.03, 1555.29, 1553.56, 1552.41, 1550.67, 1549.52, 1548.94, 1548.94, 1548.94, 1548.94, 1550.1, 1551.25, 1553.56, 1555.29, 1558.18, 1562.22, 1566.84, 1570.31, 1576.08, 1580.7, 1586.47, 1592.83, 1599.18, 1605.53, 1612.46, 1618.23, 1624.01, 1630.36, 1636.71, 1642.48, 1648.84, 1655.19, 1661.54, 1667.89, 1674.24, 1680.02, 1685.79, 1690.99, 1693.88, 1696.76, 1700.8, 1703.69, 1708.31, 1711.78, 1714.66, 1717.55, 1718.7, 1718.7, 1719.28, 1721.01, 1721.01, 1722.17, 1722.17, 1722.17, 1719.86, 1717.55, 1714.66, 1712.93, 1709.47, 1705.42, 1699.07, 1693.88, 1688.68, 1682.9, 1675.98, 1670.2, 1663.85, 1657.5, 1651.72, 1645.37, 1638.44, 1630.94, 1624.01, 1615.92, 1610.15, 1603.8];

Mass_3
[983.724, 991.833, 999.265, 1006.02, 1013.46, 1020.89, 1028.32, 1035.75, 1042.51, 1050.62, 1056.7, 1054.67, 1048.59, 1040.48, 1035.08, 1027.65, 1021.56, 1014.13, 1006.7, 999.941, 992.508, 985.075, 978.318, 970.885, 968.182, 968.182, 968.858, 975.615];
[3182.48, 3177.75, 3173.02, 3169.64, 3166.94, 3166.26, 3166.26, 3168.29, 3170.32, 3173.7, 3179.78, 3187.21, 3193.29, 3201.4, 3206.81, 3212.89, 3219.64, 3225.05, 3229.78, 3231.81, 3231.81, 3231.13, 3227.75, 3221.0, 3214.24, 3206.81, 3199.37, 3190.59];

